Blue, Green, Red → BGR

=================================================================

[
    [[123, 12, 222], [32, 45, 65],   [54, 63, 223], [42, 54, 23]],
    [[32, 43, 231],  [132, 32, 132], [154, 167, 54],[67, 45, 88]],
    [[123, 12, 222], [32, 45, 65],   [54, 63, 223], [42, 54, 23]],
    [[32, 43, 231],  [132, 32, 132], [154, 167, 54],[67, 45, 88]],
    [[123, 12, 222], [32, 45, 65],   [54, 63, 223], [42, 54, 23]],
    [[32, 43, 231],  [132, 32, 132], [154, 167, 54],[67, 45, 88]],
    [[123, 12, 222], [32, 45, 65],   [54, 63, 223], [42, 54, 23]],
    [[32, 43, 231],  [132, 32, 132], [154, 167, 54],[67, 45, 88]],
    [[123, 12, 222], [32, 45, 65],   [54, 63, 223], [42, 54, 23]],
    [[32, 43, 231],  [132, 32, 132], [154, 167, 54],[67, 45, 88]],
    [[123, 12, 222], [32, 45, 65],   [54, 63, 223], [42, 54, 23]],
    [[32, 43, 231],  [132, 32, 132], [154, 167, 54],[67, 45, 88]],
]

##################################################################

Red, Green, Blue → RGB

==================================================================

[
    [[222, 12, 123], [65, 45, 32],   [223, 63, 54],  [23, 54, 42]],
    [[231, 43, 32],  [132, 32, 132], [54, 167, 154], [88, 45, 67]],
    [[222, 12, 123], [65, 45, 32],   [223, 63, 54],  [23, 54, 42]],
    [[231, 43, 32],  [132, 32, 132], [54, 167, 154], [88, 45, 67]],
    [[222, 12, 123], [65, 45, 32],   [223, 63, 54],  [23, 54, 42]],
    [[231, 43, 32],  [132, 32, 132], [54, 167, 154], [88, 45, 67]],
    [[222, 12, 123], [65, 45, 32],   [223, 63, 54],  [23, 54, 42]],
    [[231, 43, 32],  [132, 32, 132], [54, 167, 154], [88, 45, 67]],
    [[222, 12, 123], [65, 45, 32],   [223, 63, 54],  [23, 54, 42]],
    [[231, 43, 32],  [132, 32, 132], [54, 167, 154], [88, 45, 67]],
    [[222, 12, 123], [65, 45, 32],   [223, 63, 54],  [23, 54, 42]],
    [[231, 43, 32],  [132, 32, 132], [54, 167, 154], [88, 45, 67]],
]
    